[ 2545.572691] [Project1] 2824 1588065834.374744074 1588065835.935345339
[ 2548.938787] [Project1] 2827 1588065837.610475446 1588065839.303128485
[ 2552.105892] [Project1] 2828 1588065840.850584707 1588065842.471816043
[ 2555.616907] [Project1] 2829 1588065844.375604968 1588065845.984589718
[ 2558.620291] [Project1] 2830 1588065847.476082358 1588065848.989471205
[ 2561.440251] [Project1] 2831 1588065850.404572256 1588065851.810845987
[ 2564.306307] [Project1] 2832 1588065853.259445832 1588065854.678335616
[ 2567.168190] [Project1] 2833 1588065856.202049810 1588065857.541648220
[ 2570.131822] [Project1] 2834 1588065859.059819466 1588065860.506757063
[ 2573.148822] [Project1] 2835 1588065862.172279967 1588065863.525271248
